--script to set P_M_One back to bindPose

$SKEL_ROOT.transform = ((matrix3 [-1,-2.38419e-007,0] [2.38419e-007,-1,0] [0,0,1] [0,0.00710078,0.981294]))
$SKEL_Pelvis.transform = ((matrix3 [0,-1.31134e-007,-1] [0,-1,1.31134e-007] [-1,0,0] [0,0.00710078,0.981294]))
$SKEL_L_Thigh.transform = ((matrix3 [0.0770736,0.0415617,-0.996159] [0.0421551,-0.998373,-0.0383926] [-0.996134,-0.0390341,-0.0787003] [0.096118,0.00732649,0.907786]))
$SKEL_L_Calf.transform = ((matrix3 [0.075239,0.0833698,-0.993674] [0.0453482,-0.995754,-0.0801106] [-0.996134,-0.039034,-0.0787003] [0.12745,0.0242222,0.502829]))
$SKEL_L_Foot.transform = ((matrix3 [0.0372209,-0.949864,-0.310441] [0.0121555,-0.310203,0.950592] [-0.999234,-0.0391555,0] [0.158521,0.0586513,0.0924719]))
$SKEL_L_Toe0.transform = ((matrix3 [0.0391257,-0.998473,0.0389945] [0.00152682,-0.0389651,-0.999239] [0.999234,0.0391555,0] [0.164533,-0.0947741,0.0423282]))
$SKEL_R_Thigh.transform = ((matrix3 [-0.0770737,0.0415618,-0.996159] [-0.0421529,-0.998373,-0.0383928] [-0.996134,0.0390319,0.0787003] [-0.096118,0.0073264,0.907786]))
$SKEL_R_Calf.transform = ((matrix3 [-0.0752393,0.0833699,-0.993674] [-0.045346,-0.995754,-0.0801109] [-0.996134,0.0390317,0.0787003] [-0.12745,0.0242221,0.502828]))
$SKEL_R_Foot.transform = ((matrix3 [-0.0372199,-0.949864,-0.310441] [-0.0121563,-0.310203,0.950593] [-0.999234,0.0391548,-1.12776e-006] [-0.158521,0.0586513,0.0924717]))
$SKEL_R_Toe0.transform = ((matrix3 [-0.0391251,-0.998473,0.0389948] [-0.00152587,-0.0389652,-0.999239] [0.999234,-0.0391548,9.77723e-007] [-0.164533,-0.0947742,0.042328]))
$SKEL_Spine_Root.transform = ((matrix3 [0,2.50343e-007,1] [1.74846e-007,-1,2.50343e-007] [1,1.74846e-007,0] [0,0.00710078,0.981294]))
$SKEL_Spine0.transform = ((matrix3 [0,0.0951137,0.995467] [9.54539e-007,-0.995466,0.0951137] [1,9.68575e-007,0] [0,0.0171712,1]))
$SKEL_Spine1.transform = ((matrix3 [-4.72921e-007,0.0064505,0.999979] [-9.17189e-006,-0.999979,0.00645046] [1,-9.16114e-006,5.06659e-007] [0,0.0252421,1.08447]))
$SKEL_Spine2.transform = ((matrix3 [-5.11936e-007,0.0541186,0.998535] [8.13144e-007,-0.998534,0.0541186] [1,8.47167e-007,4.41764e-007] [0,0.0257963,1.17039]))
$SKEL_Spine3.transform = ((matrix3 [-7.82543e-007,-0.0124389,0.999923] [-3.15238e-006,-0.999923,-0.012439] [1,-3.15436e-006,7.17855e-007] [0,0.0319061,1.28313]))
$SKEL_L_Clavicle.transform = ((matrix3 [0.921892,0.311586,-0.230283] [0.302297,-0.950218,-0.0755127] [-0.242348,5.43774e-007,-0.97019] [0.0319188,-0.00723764,1.50069]))
$SKEL_L_UpperArm.transform = ((matrix3 [0.544118,0.0239982,-0.838666] [0.0130625,-0.999712,-0.0201316] [-0.838907,-1.22398e-006,-0.544275] [0.199606,0.0494381,1.4588]))
$SKEL_L_Forearm.transform = ((matrix3 [0.543452,-0.0549563,-0.837639] [-0.0299104,-0.998489,0.046104] [-0.838907,-1.22679e-006,-0.544275] [0.348787,0.0560177,1.22886]))
$SKEL_L_Hand.transform = ((matrix3 [0.543453,-0.0549563,-0.837639] [-0.0299105,-0.998489,0.0461039] [-0.838907,-1.20243e-006,-0.544275] [0.489648,0.0417733,1.01175]))
$SKEL_L_Finger00.transform = ((matrix3 [0.206188,-0.534492,-0.819637] [-0.130394,-0.845174,0.518343] [-0.969785,-3.83755e-007,-0.243958] [0.502508,0.0176221,0.990807]))
$SKEL_L_Finger01.transform = ((matrix3 [0.259001,-0.271421,-0.926957] [-0.0730408,-0.962462,0.261409] [-0.96311,4.13466e-007,-0.269102] [0.51412,-0.0124815,0.944643]))
$SKEL_L_Finger02.transform = ((matrix3 [0.288312,-0.0432579,-0.956559] [-0.0124834,-0.999067,0.0414183] [-0.957453,-3.86368e-007,-0.288581] [0.52344,-0.0222484,0.911287]))
$SKEL_L_Finger10.transform = ((matrix3 [0.426537,-0.0803599,-0.900894] [0.884115,-0.173085,0.434032] [-0.190809,-0.981623,-0.00277947] [0.564466,0.00679765,0.935194]))
$SKEL_L_Finger11.transform = ((matrix3 [-0.0538117,-0.0564723,-0.996953] [0.983905,-0.173371,-0.043287] [-0.170398,-0.983236,0.0648928] [0.584637,0.00299749,0.892591]))
$SKEL_L_Finger12.transform = ((matrix3 [-0.319118,-0.029267,-0.947263] [0.934895,-0.173571,-0.309588] [-0.155357,-0.984386,0.0827514] [0.583339,0.00163599,0.868556]))
$SKEL_L_Finger20.transform = ((matrix3 [0.251936,-0.0190316,-0.967557] [0.967732,1.35315e-006,0.251981] [-0.00479445,-0.999819,0.0184179] [0.56636,0.0307993,0.935284]))
$SKEL_L_Finger21.transform = ((matrix3 [-0.156548,-0.0501072,-0.986399] [0.987639,1.42328e-006,-0.156746] [0.00785532,-0.998744,0.0494877] [0.57941,0.0298135,0.885167]))
$SKEL_L_Finger22.transform = ((matrix3 [-0.535202,-0.108301,-0.837752] [0.842709,9.2838e-007,-0.538369] [0.0583066,-0.994118,0.0912659] [0.574269,0.028168,0.852775]))
$SKEL_L_Finger30.transform = ((matrix3 [0.303954,0.0752055,-0.949714] [0.914025,0.258088,0.312969] [0.268646,-0.96319,0.00970719] [0.555777,0.0537532,0.934313]))
$SKEL_L_Finger31.transform = ((matrix3 [-0.175928,-0.060772,-0.982526] [0.948032,0.258342,-0.185731] [0.265115,-0.96414,0.0121641] [0.56933,0.0571065,0.891966]))
$SKEL_L_Finger32.transform = ((matrix3 [-0.568252,-0.189402,-0.80076] [0.759364,0.254135,-0.598985] [0.31695,-0.948442,-0.000587993] [0.563937,0.0552435,0.861848]))
$SKEL_L_Finger40.transform = ((matrix3 [0.434049,0.187924,-0.881071] [0.777908,0.415091,0.471761] [0.45438,-0.89016,0.033982] [0.540246,0.0705115,0.930825]))
$SKEL_L_Finger41.transform = ((matrix3 [-0.162257,-0.169863,-0.972018] [0.882118,0.416478,-0.220031] [0.442199,-0.893137,0.0822629] [0.556836,0.0776942,0.897149]))
$SKEL_L_Finger42.transform = ((matrix3 [-0.332036,-0.270584,-0.903624] [0.811255,0.406853,-0.419925] [0.481267,-0.8725,0.0844224] [0.553121,0.0738047,0.874893]))
$SKEL_R_Clavicle.transform = ((matrix3 [-0.921892,0.311584,-0.230284] [-0.302294,-0.950219,-0.0755149] [-0.242349,-3.14639e-006,0.970189] [-0.031919,-0.00723773,1.50069]))
$SKEL_R_UpperArm.transform = ((matrix3 [-0.544117,0.0239987,-0.838666] [-0.0130597,-0.999712,-0.0201341] [-0.838907,-2.4617e-006,0.544274] [-0.199607,0.0494376,1.4588]))
$SKEL_R_Forearm.transform = ((matrix3 [-0.543451,-0.0549559,-0.83764] [0.0299132,-0.998489,0.0461015] [-0.838907,-2.46484e-006,0.544274] [-0.348788,0.0560173,1.22886]))
$SKEL_R_Hand.transform = ((matrix3 [-0.543451,-0.054956,-0.83764] [0.0299132,-0.998489,0.0461017] [-0.838907,-2.37776e-006,0.544274] [-0.489648,0.0417729,1.01175]))
$SKEL_R_Finger00.transform = ((matrix3 [-0.206186,-0.534491,-0.819639] [0.130396,-0.845175,0.518341] [-0.969784,-2.86093e-006,0.243958] [-0.502508,0.0176217,0.990806]))
$SKEL_R_Finger01.transform = ((matrix3 [-0.258999,-0.271419,-0.926958] [0.0730414,-0.962463,0.261407] [-0.963109,-1.90384e-006,0.269101] [-0.51412,-0.0124818,0.944643]))
$SKEL_R_Finger02.transform = ((matrix3 [-0.288311,-0.0432563,-0.95656] [0.0124861,-0.999068,0.0414163] [-0.957451,-2.82249e-006,0.28858] [-0.52344,-0.0222487,0.911287]))
$SKEL_R_Finger10.transform = ((matrix3 [-0.426536,-0.080359,-0.900894] [0.884114,0.173089,-0.434031] [0.190813,-0.981622,-0.00278191] [-0.564466,0.00679727,0.935193]))
$SKEL_R_Finger11.transform = ((matrix3 [0.0538129,-0.0564701,-0.996953] [0.983905,0.173372,0.0432883] [0.170399,-0.983236,0.064891] [-0.584637,0.00299708,0.892591]))
$SKEL_R_Finger12.transform = ((matrix3 [0.319119,-0.0292645,-0.947263] [0.934894,0.173574,0.30959] [0.15536,-0.984385,0.0827503] [-0.583339,0.00163586,0.868556]))
$SKEL_R_Finger20.transform = ((matrix3 [-0.251935,-0.0190302,-0.967557] [0.967733,2.36096e-006,-0.25198] [0.00479766,-0.999819,0.0184155] [-0.56636,0.0307989,0.935284]))
$SKEL_R_Finger21.transform = ((matrix3 [0.156551,-0.0501049,-0.986398] [0.987639,-4.64491e-007,0.156748] [-0.00785418,-0.998744,0.0494855] [-0.57941,0.0298131,0.885167]))
$SKEL_R_Finger22.transform = ((matrix3 [0.535204,-0.108298,-0.837752] [0.842709,4.84599e-007,0.53837] [-0.058304,-0.994118,0.0912641] [-0.574269,0.0281677,0.852775]))
$SKEL_R_Finger30.transform = ((matrix3 [-0.303954,0.0752075,-0.949714] [0.914026,-0.258084,-0.31297] [-0.268643,-0.963191,0.00970391] [-0.555777,0.0537528,0.934313]))
$SKEL_R_Finger31.transform = ((matrix3 [0.175928,-0.0607682,-0.982526] [0.948033,-0.25834,0.18573] [-0.265111,-0.964141,0.0121608] [-0.56933,0.0571062,0.891966]))
$SKEL_R_Finger32.transform = ((matrix3 [0.568253,-0.189398,-0.800761] [0.759364,-0.254136,0.598984] [-0.316948,-0.948442,-0.00059194] [-0.563937,0.0552434,0.861847]))
$SKEL_R_Finger40.transform = ((matrix3 [-0.434048,0.187928,-0.881071] [0.77791,-0.415087,-0.471762] [-0.454377,-0.890161,0.0339764] [-0.540246,0.0705111,0.930825]))
$SKEL_R_Finger41.transform = ((matrix3 [0.162259,-0.169858,-0.972019] [0.882119,-0.416478,0.22003] [-0.442197,-0.893138,0.0822575] [-0.556836,0.0776941,0.897149]))
$SKEL_R_Finger42.transform = ((matrix3 [0.33204,-0.270577,-0.903625] [0.811254,-0.406853,0.419924] [-0.481264,-0.872502,0.0844152] [-0.55312,0.0738048,0.874893]))
$SKEL_Neck_1.transform = ((matrix3 [-9.70908e-007,-0.229053,0.973414] [1.08198e-006,-0.973414,-0.229053] [1,8.38339e-007,1.16751e-006] [-3.02574e-007,0.0288151,1.5316]))
$SKEL_Head.transform = ((matrix3 [-2.32591e-006,0.00880425,0.999962] [2.68728e-005,-0.999962,0.00880431] [1,2.68997e-005,2.06381e-006] [-2.93149e-007,0.00291519,1.64167]))