markerArray = #(

#(("MARKER_CONTAINER"),((matrix3 [1,0,0] [0,0,1] [0,-1,0] [0,-1.29575e-007,3]))),
#(("Marker_Root"),((matrix3 [1.62921e-007,0,1] [-1.62921e-007,-1,0] [1,-1.62921e-007,-1.62921e-007] [0,0.00205179,1.00858]))),
#(("Marker_Pelvis"),((matrix3 [1.62921e-007,0,1] [-1.62921e-007,-1,0] [1,-1.62921e-007,-1.62921e-007] [0,0.00710078,0.931294]))),
#(("Marker_L_Thigh"),((matrix3 [0.0302097,0,-0.999544] [1.60205e-007,-1,0] [-0.999544,-1.616e-007,-0.0302097] [0.096118,0.00732645,0.907786]))),
#(("Marker_L_Calf"),((matrix3 [0.030488,0,-0.999535] [1.6018e-007,-1,0] [-0.999535,-1.61588e-007,-0.030488] [0.128088,0.0229822,0.502829]))),
#(("Marker_L_Foot"),((matrix3 [0.00140981,-0.787345,-0.616511] [-0.00180062,-0.616513,0.787343] [-0.999997,0,-0.00228687] [0.160484,0.0561682,0.0924718]))),
#(("Marker_R_Thigh"),((matrix3 [-0.0301722,0,-0.999545] [0,-1,0] [-0.999545,0,0.0301722] [-0.096118,0.00732645,0.907786]))),
#(("Marker_R_Calf"),((matrix3 [-0.0304911,0,-0.999535] [1.94617e-007,-1,0] [-0.999535,-1.9604e-007,0.0304911] [-0.128088,0.0229822,0.502829]))),
#(("Marker_R_Foot"),((matrix3 [0.00138276,-0.787345,-0.616511] [-0.00176549,-0.616512,0.787343] [-0.999997,-2.66929e-007,-0.00224254] [-0.160484,0.0561682,0.0924718]))),
#(("Marker_R_Toe0"),((matrix3 [0.0017565,-0.999998,0] [4.76797e-007,0,1] [-0.999998,-0.0017565,4.76799e-007] [-0.167208,-0.097375,0.0423284]))),
#(("Marker_R_Toe0Nub"),((matrix3 [0,-1,-3.57628e-007] [0,-3.57628e-007,1] [-1,0,0] [-0.16731,-0.187147,0.0458317]))),
#(("Marker_Spine0"),((matrix3 [-1.39358e-006,0.186951,0.982369] [-5.79123e-007,-0.982369,0.186951] [1,-3.08382e-007,1.47727e-006] [0,0.0171712,1]))),
#(("Marker_Spine1"),((matrix3 [-1.88373e-006,0.110894,0.993832] [-7.62526e-007,-0.993832,0.110894] [1,-5.48928e-007,1.95667e-006] [0,0.025242,1.08447]))),
#(("Marker_Spine2"),((matrix3 [-3.08574e-006,-0.235372,0.971905] [5.8437e-007,-0.971905,-0.235372] [1,-1.58344e-007,3.13659e-006] [0,0.0257964,1.17039]))),
#(("Marker_Spine3"),((matrix3 [0.000284276,-0.0240186,0.999712] [-8.42311e-006,-0.999711,-0.0240186] [1,-1.59303e-006,-0.000284396] [0,0.0319063,1.28313]))),
#(("Marker_L_Clavicle"),((matrix3 [0.994505,-0.104447,0.00712727] [-0.104444,-0.99453,-0.000749351] [0.00716656,8.30187e-007,-0.999974] [0.031919,-0.00723714,1.50069]))),
#(("Marker_L_UpperArm"),((matrix3 [0.539392,0,-0.842055] [0,-1,0] [-0.842055,-1.39343e-007,-0.539392] [0.199606,0.0494384,1.4588]))),
#(("Marker_L_Forearm"),((matrix3 [0.530607,-0.0844761,-0.843398] [-0.0449839,-0.996426,0.0715029] [-0.846424,-6.14194e-007,-0.53251] [0.348787,0.0560177,1.22886]))),
#(("Marker_Neck1"),((matrix3 [0.000300362,-0.179815,0.9837] [-5.41138e-005,-0.9837,-0.179815] [1,7.77887e-007,-0.000305196] [0,0.0288157,1.5316]))),
#(("Marker_Head"),((matrix3 [8.11386e-005,-0.0461883,0.998933] [8.53796e-007,-0.998933,-0.0461883] [1,4.60054e-006,-8.10125e-005] [0,0.00291598,1.64167]))),
#(("Marker_HeadNub"),((matrix3 [-1,0,0] [0,-1,0] [0,0,1] [0,0.00455486,1.82779]))),
#(("Marker_R_Clavicle"),((matrix3 [-0.994126,-0.107993,0.00712781] [0.10799,-0.994152,-0.000773209] [0.00716963,1.06636e-006,0.999974] [-0.031919,-0.00723714,1.50069]))),
#(("Marker_R_UpperArm"),((matrix3 [-0.539396,0,-0.842052] [-1.37188e-007,-1,0] [-0.842052,1.39343e-007,0.539396] [-0.199606,0.0494384,1.4588]))),
#(("Marker_R_Forearm"),((matrix3 [-0.530306,-0.0863396,-0.843398] [0.0459581,-0.996266,0.0730916] [-0.84656,0,0.532294] [-0.348787,0.0560177,1.22886]))),
#(("Marker_L_Toe0"),((matrix3 [0.00177415,-0.999998,-6.8581e-007] [0.000427723,0,1] [-0.999998,-0.00177415,0.000427722] [0.167208,-0.097375,0.0423284]))),
#(("Marker_L_Toe0Nub"),((matrix3 [0,-1,-3.57628e-007] [-1.19209e-007,-3.57628e-007,1] [-1,0,-1.19209e-007] [0.16731,-0.187147,0.0458317]))),
#(("Marker_L_Hand"),((matrix3 [0.787296,-0.126019,-0.603559] [-0.086359,-0.991779,0.0944274] [-0.610497,-0.0222196,-0.791707] [0.489648,0.0417732,1.01175]))),
#(("Marker_R_Hand"),((matrix3 [-0.786889,-0.128333,-0.603602] [0.087912,-0.991473,0.0961919] [-0.6108,0.0226285,0.791462] [-0.489648,0.0417732,1.01175]))),
#(("Marker_R_Finger10"),((matrix3 [-0.984925,0.0180278,0.172039] [-0.0153794,-0.999742,0.0167147] [0.172296,0.0138169,0.984948] [-0.564466,0.00679748,0.935194]))),
#(("Marker_R_Finger11"),((matrix3 [-0.984925,0.0180278,0.172039] [-0.0153794,-0.999742,0.0167147] [0.172296,0.0138169,0.984948] [-0.584636,0.00299731,0.892591]))),
#(("Marker_R_Finger12"),((matrix3 [-0.984925,0.0180278,0.172039] [-0.0153794,-0.999742,0.0167147] [0.172296,0.0138169,0.984948] [-0.583339,0.00163586,0.868556]))),
#(("Marker_R_Finger1Nub"),((matrix3 [-0.984925,0.0180278,0.172039] [-0.0153794,-0.999742,0.0167147] [0.172296,0.0138169,0.984948] [-0.575537,0.000920394,0.845398]))),
#(("Marker_R_Finger20"),((matrix3 [-0.984925,0.0180278,0.172039] [-0.0153794,-0.999742,0.0167147] [0.172296,0.0138169,0.984948] [-0.56636,0.0307991,0.935284]))),
#(("Marker_R_Finger21"),((matrix3 [-0.984925,0.0180278,0.172039] [-0.0153794,-0.999742,0.0167147] [0.172296,0.0138169,0.984948] [-0.57941,0.0298133,0.885167]))),
#(("Marker_R_Finger22"),((matrix3 [-0.984925,0.0180278,0.172039] [-0.0153794,-0.999742,0.0167147] [0.172296,0.0138169,0.984948] [-0.574269,0.0281678,0.852775]))),
#(("Marker_R_Finger2Nub"),((matrix3 [-0.984925,0.0180278,0.172039] [-0.0153794,-0.999742,0.0167147] [0.172296,0.0138169,0.984948] [-0.559429,0.0251649,0.829545]))),
#(("Marker_R_Finger30"),((matrix3 [-0.984925,0.0180278,0.172039] [-0.0153794,-0.999742,0.0167147] [0.172296,0.0138169,0.984948] [-0.555776,0.053753,0.934313]))),
#(("Marker_R_Finger31"),((matrix3 [-0.984925,0.0180278,0.172039] [-0.0153794,-0.999742,0.0167147] [0.172296,0.0138169,0.984948] [-0.56933,0.0571063,0.891966]))),
#(("Marker_R_Finger32"),((matrix3 [-0.984925,0.0180278,0.172039] [-0.0153794,-0.999742,0.0167147] [0.172296,0.0138169,0.984948] [-0.563937,0.0552434,0.861847]))),
#(("Marker_R_Finger3Nub"),((matrix3 [-0.984925,0.0180278,0.172039] [-0.0153794,-0.999742,0.0167147] [0.172296,0.0138169,0.984948] [-0.548622,0.0501391,0.840267]))),
#(("Marker_R_Finger40"),((matrix3 [-0.984925,0.0180278,0.172039] [-0.0153794,-0.999742,0.0167146] [0.157659,0.012643,0.901276] [-0.540246,0.0705113,0.930825]))),
#(("Marker_R_Finger41"),((matrix3 [-0.984925,0.0180278,0.172039] [-0.0153794,-0.999742,0.0167146] [0.157659,0.012643,0.901276] [-0.556836,0.077694,0.897149]))),
#(("Marker_R_Finger42"),((matrix3 [-0.984925,0.0180278,0.172039] [-0.0153794,-0.999742,0.0167146] [0.157659,0.012643,0.901276] [-0.55312,0.0738047,0.874893]))),
#(("Marker_R_Finger4Nub"),((matrix3 [-0.984925,0.0180278,0.172039] [-0.0153794,-0.999742,0.0167146] [0.157659,0.012643,0.901276] [-0.546289,0.0682378,0.856302]))),
#(("Marker_R_Finger00"),((matrix3 [-0.984925,0.0180278,0.172039] [-0.0153794,-0.999742,0.0167147] [0.172296,0.0138169,0.984948] [-0.502507,0.0176219,0.990807]))),
#(("Marker_R_Finger0Nub"),((matrix3 [-0.984925,0.0180278,0.172039] [-0.0153794,-0.999742,0.0167147] [0.172296,0.0138169,0.984948] [-0.533384,-0.0237404,0.878296]))),
#(("Marker_R_Finger02"),((matrix3 [-0.984925,0.0180278,0.172039] [-0.0153794,-0.999742,0.0167147] [0.172296,0.0138169,0.984948] [-0.52344,-0.0222485,0.911287]))),
#(("Marker_R_Finger01"),((matrix3 [-0.984925,0.0180278,0.172039] [-0.0153794,-0.999742,0.0167147] [0.172296,0.0138169,0.984948] [-0.51412,-0.0124816,0.944643]))),
#(("Marker_L_Finger00"),((matrix3 [0.180263,-0.664304,-0.7254] [-0.198508,-0.746877,0.634641] [-0.963379,0.0295959,-0.266504] [0.502507,0.0176219,0.990807]))),
#(("Marker_L_Finger01"),((matrix3 [0.268893,-0.249276,-0.930354] [-0.072995,-0.968425,0.23838] [-0.9604,0.00381242,-0.278599] [0.51412,-0.0124816,0.944643]))),
#(("Marker_L_Finger02"),((matrix3 [0.281828,-0.030632,-0.958976] [0.0180549,-0.999144,0.0372211] [-0.959295,-0.0278041,-0.281034] [0.52344,-0.0222485,0.911287]))),
#(("Marker_L_Finger0Nub"),((matrix3 [0.99995,-0.00997375,0] [0.00997375,0.99995,0] [0,0,1] [0.533384,-0.0237404,0.878296]))),
#(("Marker_L_Finger10"),((matrix3 [0.399154,-0.137494,-0.906516] [0.891019,-0.175012,0.418875] [-0.216244,-0.974919,0.0526534] [0.564466,0.00679748,0.935194]))),
#(("Marker_L_Finger11"),((matrix3 [-0.0027497,-0.0738724,-0.997264] [0.982965,-0.183471,0.0108804] [-0.183773,-0.980245,0.0731185] [0.584636,0.00299731,0.892591]))),
#(("Marker_L_Finger12"),((matrix3 [-0.3332,-0.0119359,-0.942781] [0.926679,-0.188579,-0.325122] [-0.173908,-0.981986,0.0738951] [0.583339,0.00163586,0.868556]))),
#(("Marker_L_Finger1Nub"),((matrix3 [0.999946,-0.0104329,0] [0.0104329,0.999946,0] [0,0,1] [0.575537,0.000920394,0.845398]))),
#(("Marker_L_Finger20"),((matrix3 [0.259251,-0.0591262,-0.963999] [0.965581,-0.00589436,0.260038] [-0.0210572,-0.998233,0.055563] [0.56636,0.0307991,0.935284]))),
#(("Marker_L_Finger21"),((matrix3 [-0.179973,-0.09373,-0.979196] [0.983663,-0.0131527,-0.179536] [0.00394881,-0.995511,0.0945659] [0.57941,0.0298133,0.885167]))),
#(("Marker_L_Finger22"),((matrix3 [-0.523593,-0.108856,-0.844986] [0.850907,-0.0173239,-0.525031] [0.0425143,-0.993907,0.101697] [0.574269,0.0281678,0.852775]))),
#(("Marker_L_Finger2Nub"),((matrix3 [0.999946,-0.0104332,0] [0.0104332,0.999946,0] [0,0,1] [0.559429,0.0251649,0.829545]))),
#(("Marker_L_Finger30"),((matrix3 [0.321232,0.0738378,-0.944118] [0.909542,0.253565,0.329298] [0.26371,-0.964496,0.0142945] [0.555776,0.053753,0.934313]))),
#(("Marker_L_Finger31"),((matrix3 [-0.234183,-0.0945028,-0.967589] [0.93679,0.244203,-0.250579] [0.259968,-0.965108,0.0313411] [0.56933,0.0571063,0.891966]))),
#(("Marker_L_Finger32"),((matrix3 [-0.563352,-0.189912,-0.804094] [0.768499,0.236925,-0.594371] [0.303388,-0.952785,0.0124752] [0.563937,0.0552434,0.861847]))),
#(("Marker_L_Finger3Nub"),((matrix3 [0.999946,-0.0104296,0] [0.0104296,0.999946,0] [0,0,1] [0.548622,0.0501391,0.840267]))),
#(("Marker_L_Finger40"),((matrix3 [0.405345,0.179128,-0.896442] [0.795945,0.413159,0.44246] [0.411434,-0.817017,0.0227809] [0.540246,0.0705113,0.930825]))),
#(("Marker_L_Finger41"),((matrix3 [-0.113355,-0.181884,-0.976765] [0.896774,0.404494,-0.179393] [0.391388,-0.820132,0.107296] [0.556836,0.077694,0.897149]))),
#(("Marker_L_Finger42"),((matrix3 [-0.270805,-0.28277,-0.920166] [0.842824,0.392186,-0.368563] [0.425584,-0.800985,0.120895] [0.55312,0.0738047,0.874893]))),
#(("Marker_L_Finger4Nub"),((matrix3 [0.999946,-0.0104322,0] [0.0104322,0.999946,0] [0,0,0.915049] [0.546289,0.0682378,0.856302]))),
#(("Marker_L_Finger_CurlRoot"),((matrix3 [0.635462,0.00860434,-0.772084] [0.713465,0.375778,0.591403] [0.270142,-0.847948,0.21289] [0.511506,0.0465547,0.980435]))),
#(("Marker_R_Finger_CurlRoot"),((matrix3 [0.635462,0.00860434,-0.772084] [0.713465,0.375778,0.591403] [0.270142,-0.847948,0.21289] [-0.511506,0.0465547,0.980435]))),
#(("Marker_L_thumbhelper1"),((matrix3 [0.0866863,-0.746127,-0.660136] [-0.947842,-0.265783,0.175938] [-0.280669,0.558594,-0.668215] [0.534176,0.0174436,0.96714]))),
#(("Marker_L_thumbhelper2"),((matrix3 [0.0866867,-0.746127,-0.660136] [-0.947842,-0.265783,0.175938] [-0.280668,0.558594,-0.668215] [0.537975,-0.0152541,0.93821]))),
#(("Marker_R_thumbhelper2"),((matrix3 [0.0866867,-0.746127,-0.660136] [-0.947842,-0.265783,0.175938] [-0.280668,0.558594,-0.668215] [-0.537975,-0.0152541,0.93821]))),
#(("Marker_R_thumbhelper1"),((matrix3 [0.0866863,-0.746127,-0.660136] [-0.947842,-0.265783,0.175938] [-0.280669,0.558594,-0.668215] [-0.534176,0.0174436,0.96714]))),
#(("Marker_L_Finger_CurlEnd"),((matrix3 [0.635462,0.00860434,-0.772084] [0.713465,0.375778,0.591403] [0.270142,-0.847948,0.21289] [0.55689,0.0488286,0.93763]))),
#(("Marker_R_Finger_CurlEnd"),((matrix3 [0.268215,0.961756,-0.0555504] [0.225715,-0.00668003,0.97417] [0.856983,-0.250563,-0.200281] [-0.55689,0.0488286,0.93763])))
)

for m = 1 to markerArray.count do
(
	mkr = point pos:[0,0,0]
	mkr.name = markerArray[m][1]
	mkr.transform = markerArray[m][2]
	mkr.wirecolor = green
	mkr.size = 0.1
	print ("made "+mkr.name)
)