

filein (RsConfigGetWildWestDir() + "script/max/Rockstar_North/character/includes/FN_oldWWTU.ms")
OldWWCollectToolUsageData (getThisScriptFilename())

$SKEL_ROOT.transform = (matrix3 [-1,-2.38419e-007,0] [2.38419e-007,-1,0] [0,0,1] [0,0.00710078,0.981294])
$SKEL_Pelvis.transform = (matrix3 [0,-1.31134e-007,-1] [-4.13264e-007,-1,1.31134e-007] [-1,4.13264e-007,0] [0,0.00710078,0.981294])
$SKEL_L_Thigh.transform = (matrix3 [0.0770741,0.0415613,-0.996159] [0.0421551,-0.998373,-0.038392] [-0.996134,-0.0390341,-0.0787008] [0.096118,0.00732645,0.907786])
$SKEL_L_Calf.transform = (matrix3 [0.0752396,0.0833697,-0.993674] [0.0453483,-0.995754,-0.0801105] [-0.996134,-0.0390339,-0.0787008] [0.12745,0.0242219,0.502829])
$SKEL_L_Foot.transform = (matrix3 [0.037221,-0.949864,-0.31044] [0.0121552,-0.310202,0.950593] [-0.999234,-0.0391556,-2.76161e-007] [0.158522,0.058651,0.0924719])
$SKEL_L_Toe0.transform = (matrix3 [0.0391257,-0.998473,0.0389947] [0.00152693,-0.0389652,-0.999239] [0.999234,0.0391556,1.24911e-007] [0.164534,-0.0947745,0.0423285])
$SKEL_L_Toe0_NUB.transform = (matrix3 [1,2.34693e-007,0] [-1.56462e-007,1,1.66637e-006] [0,-1.27547e-006,1] [0.16731,-0.187147,0.0458317])
$SKEL_R_Thigh.transform = (matrix3 [-0.0770742,0.0415614,-0.996159] [-0.0421538,-0.998373,-0.0383923] [-0.996134,0.0390328,0.0787008] [-0.096118,0.00732645,0.907786])
$SKEL_R_Calf.transform = (matrix3 [-0.0752398,0.0833695,-0.993674] [-0.0453479,-0.995754,-0.0801102] [-0.996134,0.0390336,0.078701] [-0.12745,0.0242219,0.502829])
$SKEL_R_Foot.transform = (matrix3 [-0.0372214,-0.949864,-0.310441] [-0.0121557,-0.310203,0.950593] [-0.999233,0.039156,0] [-0.158522,0.058651,0.0924717])
$SKEL_R_Toe0.transform = (matrix3 [-0.0391262,-0.998473,0.0389948] [-0.00152651,-0.0389651,-0.999239] [0.999234,-0.039156,3.54771e-007] [-0.164534,-0.0947745,0.0423282])
$SKEL_R_Toe0_NUB.transform = (matrix3 [1,5.66244e-007,0] [-6.25849e-007,1,-2.83394e-006] [0,3.05653e-006,1] [-0.16731,-0.187147,0.0458315])
$SKEL_Spine_Root.transform = (matrix3 [0,2.50343e-007,1] [1.74846e-007,-1,2.50343e-007] [1,1.74846e-007,0] [0,0.00710078,0.981294])
$SKEL_Spine0.transform = (matrix3 [0,0.0951137,0.995467] [9.54539e-007,-0.995466,0.0951137] [1,9.68575e-007,0] [0,0.0171712,1])
$SKEL_Spine1.transform = (matrix3 [0,0.00645146,0.999979] [-8.69505e-006,-0.999979,0.00645141] [1,-8.68718e-006,0] [0,0.0252421,1.08447])
$SKEL_Spine2.transform = (matrix3 [0,0.0541197,0.998535] [7.30985e-007,-0.998534,0.0541197] [1,7.42363e-007,0] [0,0.0257964,1.17039])
$SKEL_Spine3.transform = (matrix3 [-3.68289e-007,-0.0124373,0.999923] [-4.18393e-006,-0.999923,-0.0124373] [1,-4.18068e-006,2.90808e-007] [0,0.0319063,1.28313])
$SKEL_L_Clavicle.transform = (matrix3 [0.921892,0.311585,-0.230284] [0.302296,-0.950218,-0.0755122] [-0.242349,0,-0.970189] [0.031919,-0.0072371,1.50069])
$SKEL_L_UpperArm.transform = (matrix3 [0.544118,0.0239972,-0.838665] [0.013061,-0.999712,-0.0201316] [-0.838907,0,-0.544274] [0.199606,0.0494385,1.4588])
$SKEL_L_Forearm.transform = (matrix3 [0.543452,-0.0549565,-0.837639] [-0.029911,-0.998489,0.0461037] [-0.838907,-5.78267e-007,-0.544274] [0.348787,0.0560178,1.22886])
$SKEL_L_Hand.transform = (matrix3 [0.543452,-0.0549566,-0.837639] [-0.0299111,-0.998489,0.0461037] [-0.838907,-5.61391e-007,-0.544274] [0.489648,0.0417734,1.01175])
$SKEL_L_Finger00.transform = (matrix3 [0.206187,-0.534491,-0.819638] [-0.130393,-0.845175,0.518342] [-0.969785,-5.82968e-007,-0.243958] [0.502508,0.0176221,0.990807])
$SKEL_L_Finger01.transform = (matrix3 [0.259001,-0.27142,-0.926957] [-0.0730395,-0.962462,0.261408] [-0.96311,-4.79094e-007,-0.269102] [0.51412,-0.0124815,0.944643])
$SKEL_L_Finger02.transform = (matrix3 [0.288313,-0.0432575,-0.956559] [-0.0124828,-0.999067,0.0414179] [-0.957452,-8.18749e-007,-0.288582] [0.52344,-0.0222483,0.911287])
$SKEL_L_Finger0_NUB.transform = (matrix3 [1,5.5388e-007,-7.4506e-007] [-2.76168e-007,1,-2.79303e-007] [-9.23872e-007,-3.44869e-007,1] [0.533384,-0.0237402,0.878296])
$SKEL_L_Finger10.transform = (matrix3 [0.426537,-0.0803601,-0.900893] [0.884114,-0.173086,0.434032] [-0.190811,-0.981623,-0.00278009] [0.564466,0.00679766,0.935194])
$SKEL_L_Finger11.transform = (matrix3 [-0.0538127,-0.0564716,-0.996953] [0.983905,-0.173372,-0.0432881] [-0.170399,-0.983236,0.0648922] [0.584637,0.00299748,0.892591])
$SKEL_L_Finger12.transform = (matrix3 [-0.31912,-0.0292655,-0.947262] [0.934894,-0.173573,-0.30959] [-0.155359,-0.984386,0.0827506] [0.583339,0.001636,0.868556])
$SKEL_L_Finger1_NUB.transform = (matrix3 [1,3.27826e-007,1.81608e-007] [-6.25849e-007,1,0] [-3.64147e-007,0,1] [0.575538,0.000920627,0.845398])
$SKEL_L_Finger20.transform = (matrix3 [0.251935,-0.0190311,-0.967557] [0.967732,5.44069e-007,0.251981] [-0.00479497,-0.999819,0.0184171] [0.56636,0.0307993,0.935284])
$SKEL_L_Finger21.transform = (matrix3 [-0.156549,-0.0501065,-0.986398] [0.987639,3.54276e-007,-0.156746] [0.00785433,-0.998744,0.049487] [0.57941,0.0298136,0.885167])
$SKEL_L_Finger22.transform = (matrix3 [-0.535203,-0.1083,-0.837752] [0.842709,3.05203e-007,-0.53837] [0.0583057,-0.994118,0.0912652] [0.574269,0.0281681,0.852775])
$SKEL_L_Finger2_NUB.transform = (matrix3 [1,1.60187e-007,0] [-1.75089e-007,1,1.71363e-007] [-3.89293e-007,-1.56462e-007,1] [0.559429,0.0251651,0.829546])
$SKEL_L_Finger30.transform = (matrix3 [0.303955,0.0752056,-0.949713] [0.914025,0.258087,0.31297] [0.268645,-0.963191,0.00970673] [0.555777,0.0537532,0.934313])
$SKEL_L_Finger31.transform = (matrix3 [-0.175926,-0.0607717,-0.982526] [0.948032,0.258342,-0.185729] [0.265114,-0.964141,0.0121643] [0.56933,0.0571065,0.891966])
$SKEL_L_Finger32.transform = (matrix3 [-0.568252,-0.189401,-0.800761] [0.759364,0.254134,-0.598984] [0.316949,-0.948443,-0.000588121] [0.563937,0.0552436,0.861848])
$SKEL_L_Finger3_NUB.transform = (matrix3 [1,5.66244e-007,0] [0,1,0] [0,0,1] [0.548622,0.0501392,0.840267])
$SKEL_L_Finger40.transform = (matrix3 [0.434049,0.187925,-0.881071] [0.777909,0.415089,0.471762] [0.454378,-0.89016,0.0339801] [0.540246,0.0705115,0.930825])
$SKEL_L_Finger41.transform = (matrix3 [-0.162257,-0.16986,-0.972019] [0.882119,0.416477,-0.22003] [0.442198,-0.893137,0.0822606] [0.556836,0.0776943,0.89715])
$SKEL_L_Finger42.transform = (matrix3 [-0.332038,-0.270581,-0.903624] [0.811254,0.406853,-0.419924] [0.481266,-0.8725,0.0844193] [0.55312,0.0738048,0.874893])
$SKEL_L_Finger4_NUB.transform = (matrix3 [1,3.57628e-007,3.53903e-007] [-3.57628e-007,1,2.30968e-007] [-4.91738e-007,-2.6077e-007,1] [0.546289,0.0682379,0.856302])
$SKEL_R_Clavicle.transform = (matrix3 [-0.921892,0.311584,-0.230284] [-0.302295,-0.950219,-0.0755128] [-0.242349,-6.97201e-007,0.970189] [-0.0319189,-0.00723713,1.50069])
$SKEL_R_UpperArm.transform = (matrix3 [-0.544118,0.023997,-0.838666] [-0.0130612,-0.999712,-0.0201312] [-0.838907,2.9476e-007,0.544274] [-0.199606,0.0494384,1.4588])
$SKEL_R_Forearm.transform = (matrix3 [-0.543452,-0.0549571,-0.83764] [0.0299121,-0.998489,0.0461036] [-0.838907,-3.31279e-007,0.544274] [-0.348787,0.0560176,1.22886])
$SKEL_R_Hand.transform = (matrix3 [-0.543452,-0.0549572,-0.837639] [0.029912,-0.998489,0.0461038] [-0.838907,-2.41521e-007,0.544274] [-0.489648,0.0417729,1.01175])
$SKEL_R_Finger00.transform = (matrix3 [-0.206186,-0.534492,-0.819638] [0.130394,-0.845175,0.518342] [-0.969785,-7.01415e-007,0.243957] [-0.502508,0.0176217,0.990807])
$SKEL_R_Finger01.transform = (matrix3 [-0.259,-0.27142,-0.926958] [0.0730401,-0.962463,0.261409] [-0.963109,-1.40874e-007,0.269101] [-0.51412,-0.0124819,0.944643])
$SKEL_R_Finger02.transform = (matrix3 [-0.288312,-0.0432577,-0.956559] [0.0124843,-0.999068,0.0414183] [-0.95745,-5.48763e-007,0.28858] [-0.52344,-0.0222488,0.911287])
$SKEL_R_Finger0_NUB.transform = (matrix3 [1,3.21458e-007,1.66894e-006] [-7.3481e-007,1,-4.58209e-007] [1.2219e-006,-8.40091e-007,1] [-0.533384,-0.0237407,0.878296])
$SKEL_R_Finger10.transform = (matrix3 [-0.426536,-0.0803605,-0.900893] [0.884114,0.173087,-0.434032] [0.190811,-0.981622,-0.00277989] [-0.564466,0.00679716,0.935194])
$SKEL_R_Finger11.transform = (matrix3 [0.0538134,-0.0564717,-0.996953] [0.983905,0.173372,0.0432883] [0.170399,-0.983236,0.0648926] [-0.584637,0.0029969,0.892591])
$SKEL_R_Finger12.transform = (matrix3 [0.31912,-0.0292656,-0.947263] [0.934894,0.173574,0.30959] [0.15536,-0.984386,0.0827513] [-0.583339,0.00163564,0.868556])
$SKEL_R_Finger1_NUB.transform = (matrix3 [1,8.9407e-007,0] [-2.98023e-007,1,-2.16067e-007] [-3.48315e-007,0,1] [-0.575538,0.000920121,0.845398])
$SKEL_R_Finger20.transform = (matrix3 [-0.251935,-0.0190316,-0.967557] [0.967732,6.50442e-007,-0.251981] [0.00479632,-0.999819,0.0184172] [-0.56636,0.0307987,0.935284])
$SKEL_R_Finger21.transform = (matrix3 [0.15655,-0.0501064,-0.986398] [0.987639,-8.41775e-007,0.156747] [-0.00785475,-0.998744,0.0494868] [-0.57941,0.0298129,0.885167])
$SKEL_R_Finger22.transform = (matrix3 [0.535203,-0.1083,-0.837752] [0.842709,3.41124e-007,0.538369] [-0.058305,-0.994118,0.0912653] [-0.574269,0.0281675,0.852775])
$SKEL_R_Finger2_NUB.transform = (matrix3 [1,4.35859e-007,-1.25263e-007] [-5.28991e-007,1,0] [0,0,1] [-0.559429,0.0251646,0.829546])
$SKEL_R_Finger30.transform = (matrix3 [-0.303955,0.0752058,-0.949713] [0.914025,-0.258086,-0.31297] [-0.268644,-0.96319,0.00970609] [-0.555777,0.0537527,0.934313])
$SKEL_R_Finger31.transform = (matrix3 [0.175927,-0.060771,-0.982526] [0.948033,-0.25834,0.185729] [-0.265112,-0.96414,0.0121638] [-0.56933,0.057106,0.891966])
$SKEL_R_Finger32.transform = (matrix3 [0.568252,-0.1894,-0.80076] [0.759365,-0.254134,0.598984] [-0.316948,-0.948442,-0.000588673] [-0.563937,0.0552431,0.861847])
$SKEL_R_Finger3_NUB.transform = (matrix3 [1,0,1.95476e-007] [-9.53675e-007,1,0] [0,0,1] [-0.548622,0.0501389,0.840267])
$SKEL_R_Finger40.transform = (matrix3 [-0.434048,0.187925,-0.881071] [0.777909,-0.415089,-0.471762] [-0.454378,-0.89016,0.0339798] [-0.540246,0.070511,0.930825])
$SKEL_R_Finger41.transform = (matrix3 [0.162258,-0.169861,-0.972019] [0.882119,-0.416477,0.22003] [-0.442197,-0.893138,0.0822605] [-0.556836,0.0776938,0.897149])
$SKEL_R_Finger42.transform = (matrix3 [0.332039,-0.27058,-0.903624] [0.811254,-0.406853,0.419924] [-0.481265,-0.872501,0.0844184] [-0.55312,0.0738045,0.874893])
$SKEL_R_Finger4_NUB.transform = (matrix3 [0.999999,7.15256e-007,-1.82539e-007] [-2.98023e-007,1,1.71363e-007] [-5.02914e-007,2.45869e-007,1] [-0.546289,0.0682376,0.856302])
$SKEL_Neck_1.transform = (matrix3 [1.63386e-007,-0.229051,0.973415] [4.61971e-007,-0.973415,-0.229051] [1,4.94624e-007,0] [0,0.0288157,1.5316])
$SKEL_Head.transform = (matrix3 [-2.76908e-007,0.0088053,0.999962] [2.65626e-005,-0.999962,0.00880535] [1,2.65715e-005,0] [0,0.00291602,1.64167])
$SKEL_Head_NUB.transform = (matrix3 [1,5.08449e-007,0] [-5.01417e-007,0.999988,0.00485242] [0,-0.00485246,0.999989] [-2.66277e-007,0.00455488,1.82779])