<?xml version="1.0"?>
<MODEL>
  <Part>
    <name>
      "SKEL_RootPhysicsBody"
    </name>
    <full_path>
      "|Scene|character|physicsCharacter|SKEL_Root|SKEL_RootPhysicsBodyTM|SKEL_RootPhysicsBody"
    </full_path>
    <world>
      <m00> -0.99999547 </m00>  <m01> -0.00303902011 </m01>  <m02> 0.000915018958 </m02>  <m03> 0 </m03>
      <m10> -0.000915132288 </m10>  <m11> 0.552156985 </m11>  <m12> 0.833740294 </m12>  <m13> 0 </m13>
      <m20> -0.00303898589 </m20>  <m21> 0.833735228 </m21>  <m22> -0.552156985 </m22>  <m23> 0 </m23>
      <m30> -4.28198473e-06 </m30>  <m31> -0.00199889578 </m31>  <m32> 0.0871870518 </m32>  <m33> 1 </m33>
    </world>
    <local>
      <m00> 0.000914704578 </m00>  <m01> -0.00303873653 </m01>  <m02> 0.999994993 </m02>  <m03> 0 </m03>
      <m10> 0.833739877 </m10>  <m11> 0.552156746 </m11>  <m12> 0.000915237819 </m12>  <m13> 0 </m13>
      <m20> -0.552156746 </m20>  <m21> 0.83373481 </m21>  <m22> 0.00303857587 </m22>  <m23> 0 </m23>
      <m30> -0.00788473804 </m30>  <m31> -0.00522180321 </m31>  <m32> -8.65509992e-06 </m32>  <m33> 1 </m33>
    </local>
    <Volume>
      <Capsule>
        <relativeTransform>
          <m00> 1 </m00>  <m01> 0 </m01>  <m02> 0 </m02>  <m03> 0 </m03>
          <m10> 0 </m10>  <m11> 1 </m11>  <m12> 0 </m12>  <m13> 0 </m13>
          <m20> 0 </m20>  <m21> 0 </m21>  <m22> 1 </m22>  <m23> 0 </m23>
          <m30> 0 </m30>  <m31> 0 </m31>  <m32> 0 </m32>  <m33> 1 </m33>
        </relativeTransform>
        <name>
          "SKEL_RootPhysicsBody"
        </name>
        <full_path>
          "|Scene|character|physicsCharacter|SKEL_Root|SKEL_RootPhysicsBodyTM|SKEL_RootPhysicsBody"
        </full_path>
        <radius>
          0.05
        </radius>
        <height>
          0.0189142
        </height>
      </Capsule>
    </Volume>
  </Part>
  <Part>
    <name>
      "SKEL_Spine0PhysicsBody"
    </name>
    <full_path>
      "|Scene|character|physicsCharacter|SKEL_Root|SKEL_Spine0|SKEL_Spine0PhysicsBodyTM|SKEL_Spine0PhysicsBody"
    </full_path>
    <world>
      <m00> -1.00000048 </m00>  <m01> 5.4848357e-07 </m01>  <m02> 6.23781418e-08 </m02>  <m03> 0 </m03>
      <m10> 5.51935329e-07 </m10>  <m11> 0.991474211 </m11>  <m12> 0.130306885 </m12>  <m13> 0 </m13>
      <m20> 9.62485824e-09 </m20>  <m21> 0.130306885 </m21>  <m22> -0.991474211 </m22>  <m23> 0 </m23>
      <m30> 4.02875173e-08 </m30>  <m31> -0.0258390754 </m31>  <m32> 0.0824057311 </m32>  <m33> 1 </m33>
    </world>
    <local>
      <m00> -3.13916473e-07 </m00>  <m01> 0 </m01>  <m02> 1 </m02>  <m03> 0 </m03>
      <m10> -1 </m10>  <m11> -1.78128072e-08 </m11>  <m12> -3.13916473e-07 </m12>  <m13> 0 </m13>
      <m20> 1.78128072e-08 </m20>  <m21> -1 </m21>  <m22> 5.59173374e-15 </m22>  <m23> 0 </m23>
      <m30> 0.0188336521 </m30>  <m31> 3.68132613e-09 </m31>  <m32> -2.22610574e-09 </m32>  <m33> 1 </m33>
    </local>
    <Volume>
      <Capsule>
        <relativeTransform>
          <m00> 1 </m00>  <m01> 0 </m01>  <m02> 0 </m02>  <m03> 0 </m03>
          <m10> 0 </m10>  <m11> 1 </m11>  <m12> 0 </m12>  <m13> 0 </m13>
          <m20> 0 </m20>  <m21> 0 </m21>  <m22> 1 </m22>  <m23> 0 </m23>
          <m30> 0 </m30>  <m31> 0 </m31>  <m32> 0 </m32>  <m33> 1 </m33>
        </relativeTransform>
        <name>
          "SKEL_Spine0PhysicsBody"
        </name>
        <full_path>
          "|Scene|character|physicsCharacter|SKEL_Root|SKEL_Spine0|SKEL_Spine0PhysicsBodyTM|SKEL_Spine0PhysicsBody"
        </full_path>
        <radius>
          0.05
        </radius>
        <height>
          0.0376673
        </height>
      </Capsule>
    </Volume>
  </Part>
  <Part>
    <name>
      "SKEL_Spine1PhysicsBody"
    </name>
    <full_path>
      "|Scene|character|physicsCharacter|SKEL_Root|SKEL_Spine0|SKEL_Spine1|SKEL_Spine1PhysicsBodyTM|SKEL_Spine1PhysicsBody"
    </full_path>
    <world>
      <m00> -1.00000048 </m00>  <m01> 6.61215012e-08 </m01>  <m02> 8.57424887e-09 </m02>  <m03> 0 </m03>
      <m10> 6.65789344e-08 </m10>  <m11> 0.997171819 </m11>  <m12> 0.0751627758 </m12>  <m13> 0 </m13>
      <m20> -3.58012087e-09 </m20>  <m21> 0.0751627758 </m21>  <m22> -0.997171819 </m22>  <m23> 0 </m23>
      <m30> 3.56823193e-08 </m30>  <m31> -0.0657461286 </m31>  <m32> 0.0783510506 </m32>  <m33> 1 </m33>
    </world>
    <local>
      <m00> 4.37113883e-08 </m00>  <m01> 0 </m01>  <m02> 1 </m02>  <m03> 0 </m03>
      <m10> -1 </m10>  <m11> 3.2667495e-07 </m11>  <m12> 4.37113883e-08 </m12>  <m13> 0 </m13>
      <m20> -3.2667495e-07 </m20>  <m21> -1 </m21>  <m22> 1.42794153e-14 </m22>  <m23> 0 </m23>
      <m30> 0.0212941971 </m30>  <m31> -5.57768676e-09 </m31>  <m32> -3.34083283e-15 </m32>  <m33> 1 </m33>
    </local>
    <Volume>
      <Capsule>
        <relativeTransform>
          <m00> 1 </m00>  <m01> 0 </m01>  <m02> 0 </m02>  <m03> 0 </m03>
          <m10> 0 </m10>  <m11> 1 </m11>  <m12> 0 </m12>  <m13> 0 </m13>
          <m20> 0 </m20>  <m21> 0 </m21>  <m22> 1 </m22>  <m23> 0 </m23>
          <m30> 0 </m30>  <m31> 0 </m31>  <m32> 0 </m32>  <m33> 1 </m33>
        </relativeTransform>
        <name>
          "SKEL_Spine1PhysicsBody"
        </name>
        <full_path>
          "|Scene|character|physicsCharacter|SKEL_Root|SKEL_Spine0|SKEL_Spine1|SKEL_Spine1PhysicsBodyTM|SKEL_Spine1PhysicsBody"
        </full_path>
        <radius>
          0.05
        </radius>
        <height>
          0.0425884
        </height>
      </Capsule>
    </Volume>
  </Part>
  <Part>
    <name>
      "SKEL_Spine3PhysicsBody"
    </name>
    <full_path>
      "|Scene|character|physicsCharacter|SKEL_Root|SKEL_Spine0|SKEL_Spine1|SKEL_Spine3|SKEL_Spine3PhysicsBodyTM|SKEL_Spine3PhysicsBody"
    </full_path>
    <world>
      <m00> -0.999744117 </m00>  <m01> 0.0201837607 </m01>  <m02> -0.0102626206 </m02>  <m03> 0 </m03>
      <m10> 0.0102626709 </m10>  <m11> 0.807918668 </m11>  <m12> 0.589205444 </m12>  <m13> 0 </m13>
      <m20> 0.0201837346 </m20>  <m21> 0.588949084 </m21>  <m22> -0.807918727 </m22>  <m23> 0 </m23>
      <m30> -7.7391509e-05 </m30>  <m31> -0.0930753052 </m31>  <m32> 0.0723053664 </m32>  <m33> 1 </m33>
    </world>
    <local>
      <m00> -0.0191527717 </m00>  <m01> -0.0120777572 </m01>  <m02> 0.99974364 </m02>  <m03> 0 </m03>
      <m10> -0.858745813 </m10>  <m11> 0.512299001 </m11>  <m12> -0.0102625703 </m12>  <m13> 0 </m13>
      <m20> -0.512043715 </m20>  <m21> -0.85872221 </m21>  <m22> -0.0201836694 </m22>  <m23> 0 </m23>
      <m30> 0.00647865841 </m30>  <m31> -0.00386496121 </m31>  <m32> 7.74240834e-05 </m32>  <m33> 1 </m33>
    </local>
    <Volume>
      <Capsule>
        <relativeTransform>
          <m00> 1 </m00>  <m01> 0 </m01>  <m02> 0 </m02>  <m03> 0 </m03>
          <m10> 0 </m10>  <m11> 1 </m11>  <m12> 0 </m12>  <m13> 0 </m13>
          <m20> 0 </m20>  <m21> 0 </m21>  <m22> 1 </m22>  <m23> 0 </m23>
          <m30> 0 </m30>  <m31> 0 </m31>  <m32> 0 </m32>  <m33> 1 </m33>
        </relativeTransform>
        <name>
          "SKEL_Spine3PhysicsBody"
        </name>
        <full_path>
          "|Scene|character|physicsCharacter|SKEL_Root|SKEL_Spine0|SKEL_Spine1|SKEL_Spine3|SKEL_Spine3PhysicsBodyTM|SKEL_Spine3PhysicsBody"
        </full_path>
        <radius>
          0.05
        </radius>
        <height>
          0.0150887
        </height>
      </Capsule>
    </Volume>
  </Part>
  <Part>
    <name>
      "SKEL_HeadPhysicsBody"
    </name>
    <full_path>
      "|Scene|character|physicsCharacter|SKEL_Root|SKEL_Spine0|SKEL_Spine1|SKEL_Spine3|SKEL_Head|SKEL_HeadPhysicsBodyTM|SKEL_HeadPhysicsBody"
    </full_path>
    <world>
      <m00> -1.00000072 </m00>  <m01> 1.7281431e-07 </m01>  <m02> 1.20485595e-08 </m02>  <m03> 0 </m03>
      <m10> 1.7281431e-07 </m10>  <m11> 1.0000006 </m11>  <m12> -1.54109878e-10 </m12>  <m13> 0 </m13>
      <m20> -1.20485577e-08 </m20>  <m21> -1.54108962e-10 </m21>  <m22> -1.0000006 </m22>  <m23> 0 </m23>
      <m30> 2.56654893e-08 </m30>  <m31> -0.159538373 </m31>  <m32> 0.0732293874 </m32>  <m33> 1 </m33>
    </world>
    <local>
      <m00> -7.54979013e-08 </m00>  <m01> 0 </m01>  <m02> 1 </m02>  <m03> 0 </m03>
      <m10> -0.99999553 </m10>  <m11> -0.00299291476 </m11>  <m12> -7.54975673e-08 </m12>  <m13> 0 </m13>
      <m20> 0.00299291476 </m20>  <m21> -0.99999553 </m21>  <m22> 2.25958779e-10 </m22>  <m23> 0 </m23>
      <m30> 0.0356390402 </m30>  <m31> -6.87169033e-09 </m31>  <m32> -4.94447216e-14 </m32>  <m33> 1 </m33>
    </local>
    <Volume>
      <Capsule>
        <relativeTransform>
          <m00> 1 </m00>  <m01> 0 </m01>  <m02> 0 </m02>  <m03> 0 </m03>
          <m10> 0 </m10>  <m11> 1 </m11>  <m12> 0 </m12>  <m13> 0 </m13>
          <m20> 0 </m20>  <m21> 0 </m21>  <m22> 1 </m22>  <m23> 0 </m23>
          <m30> 0 </m30>  <m31> 0 </m31>  <m32> 0 </m32>  <m33> 1 </m33>
        </relativeTransform>
        <name>
          "SKEL_HeadPhysicsBody"
        </name>
        <full_path>
          "|Scene|character|physicsCharacter|SKEL_Root|SKEL_Spine0|SKEL_Spine1|SKEL_Spine3|SKEL_Head|SKEL_HeadPhysicsBodyTM|SKEL_HeadPhysicsBody"
        </full_path>
        <radius>
          0.05
        </radius>
        <height>
          0.0712781
        </height>
      </Capsule>
    </Volume>
  </Part>
  <Part>
    <name>
      "SKEL_L_FULegPhysicsBody"
    </name>
    <full_path>
      "|Scene|character|physicsCharacter|SKEL_Root|SKEL_Spine0|SKEL_Spine1|SKEL_Spine3|SKEL_L_FULeg|SKEL_L_FULegPhysicsBodyTM|SKEL_L_FULegPhysicsBody"
    </full_path>
    <world>
      <m00> -0.989622414 </m00>  <m01> -0.139102682 </m01>  <m02> 0.0360408723 </m02>  <m03> 0 </m03>
      <m10> -0.0360408276 </m10>  <m11> 0.483073026 </m11>  <m12> 0.874838591 </m12>  <m13> 0 </m13>
      <m20> -0.139102682 </m20>  <m21> 0.864460468 </m21>  <m22> -0.483073056 </m22>  <m23> 0 </m23>
      <m30> 0.0223303661 </m30>  <m31> -0.0953222513 </m31>  <m32> 0.0431063846 </m32>  <m33> 1 </m33>
    </world>
    <local>
      <m00> 6.3760659e-08 </m00>  <m01> 0.158869728 </m01>  <m02> 0.987299562 </m02>  <m03> 0 </m03>
      <m10> -1 </m10>  <m11> 7.11268854e-07 </m11>  <m12> -4.98718222e-08 </m12>  <m13> 0 </m13>
      <m20> -7.10158531e-07 </m20>  <m21> -0.987299562 </m21>  <m22> 0.158869728 </m22>  <m23> 0 </m23>
      <m30> 0.0302467979 </m30>  <m31> -2.17413429e-08 </m31>  <m32> 4.7933002e-10 </m32>  <m33> 1 </m33>
    </local>
    <Volume>
      <Capsule>
        <relativeTransform>
          <m00> 1 </m00>  <m01> 0 </m01>  <m02> 0 </m02>  <m03> 0 </m03>
          <m10> 0 </m10>  <m11> 1 </m11>  <m12> 0 </m12>  <m13> 0 </m13>
          <m20> 0 </m20>  <m21> 0 </m21>  <m22> 1 </m22>  <m23> 0 </m23>
          <m30> 0 </m30>  <m31> 0 </m31>  <m32> 0 </m32>  <m33> 1 </m33>
        </relativeTransform>
        <name>
          "SKEL_L_FULegPhysicsBody"
        </name>
        <full_path>
          "|Scene|character|physicsCharacter|SKEL_Root|SKEL_Spine0|SKEL_Spine1|SKEL_Spine3|SKEL_L_FULeg|SKEL_L_FULegPhysicsBodyTM|SKEL_L_FULegPhysicsBody"
        </full_path>
        <radius>
          0.05
        </radius>
        <height>
          0.0604936
        </height>
      </Capsule>
    </Volume>
  </Part>
  <Part>
    <name>
      "SKEL_L_FLLegPhysicsBody"
    </name>
    <full_path>
      "|Scene|character|physicsCharacter|SKEL_Root|SKEL_Spine0|SKEL_Spine1|SKEL_Spine3|SKEL_L_FULeg|SKEL_L_FLLeg|SKEL_L_FLLegPhysicsBodyTM|SKEL_L_FLLegPhysicsBody"
    </full_path>
    <world>
      <m00> -0.995944917 </m00>  <m01> -0.0843644068 </m01>  <m02> 0.0312669203 </m02>  <m03> 0 </m03>
      <m10> -0.0312672704 </m10>  <m11> 0.650398791 </m11>  <m12> 0.758950114 </m12>  <m13> 0 </m13>
      <m20> -0.0843642727 </m20>  <m21> 0.754894316 </m21>  <m22> -0.650398731 </m22>  <m23> 0 </m23>
      <m30> 0.0237841308 </m30>  <m31> -0.117497936 </m31>  <m32> 0.00781857781 </m32>  <m33> 1 </m33>
    </world>
    <local>
      <m00> 4.85479434e-09 </m00>  <m01> 0.111064747 </m01>  <m02> 0.993813276 </m02>  <m03> 0 </m03>
      <m10> -1.00000024 </m10>  <m11> 1.18742228e-07 </m11>  <m12> -8.38515657e-09 </m12>  <m13> 0 </m13>
      <m20> -1.18938871e-07 </m20>  <m21> -0.993813276 </m21>  <m22> 0.111064747 </m22>  <m23> 0 </m23>
      <m30> 0.0116302017 </m30>  <m31> 9.50088896e-10 </m31>  <m32> 3.04777292e-09 </m32>  <m33> 1 </m33>
    </local>
    <Volume>
      <Capsule>
        <relativeTransform>
          <m00> 1 </m00>  <m01> 0 </m01>  <m02> 0 </m02>  <m03> 0 </m03>
          <m10> 0 </m10>  <m11> 1 </m11>  <m12> 0 </m12>  <m13> 0 </m13>
          <m20> 0 </m20>  <m21> 0 </m21>  <m22> 1 </m22>  <m23> 0 </m23>
          <m30> 0 </m30>  <m31> 0 </m31>  <m32> 0 </m32>  <m33> 1 </m33>
        </relativeTransform>
        <name>
          "SKEL_L_FLLegPhysicsBody"
        </name>
        <full_path>
          "|Scene|character|physicsCharacter|SKEL_Root|SKEL_Spine0|SKEL_Spine1|SKEL_Spine3|SKEL_L_FULeg|SKEL_L_FLLeg|SKEL_L_FLLegPhysicsBodyTM|SKEL_L_FLLegPhysicsBody"
        </full_path>
        <radius>
          0.05
        </radius>
        <height>
          0.0232604
        </height>
      </Capsule>
    </Volume>
  </Part>
  <Part>
    <name>
      "SKEL_R_FULegPhysicsBody"
    </name>
    <full_path>
      "|Scene|character|physicsCharacter|SKEL_Root|SKEL_Spine0|SKEL_Spine1|SKEL_Spine3|SKEL_R_FULeg|SKEL_R_FULegPhysicsBodyTM|SKEL_R_FULegPhysicsBody"
    </full_path>
    <world>
      <m00> -0.989622056 </m00>  <m01> 0.139104784 </m01>  <m02> -0.036041379 </m02>  <m03> 0 </m03>
      <m10> 0.0360414051 </m10>  <m11> 0.483072996 </m11>  <m12> 0.874838591 </m12>  <m13> 0 </m13>
      <m20> 0.139104769 </m20>  <m21> 0.86446017 </m21>  <m22> -0.483072966 </m22>  <m23> 0 </m23>
      <m30> -0.0226400122 </m30>  <m31> -0.0953222513 </m31>  <m32> 0.0431063809 </m32>  <m33> 1 </m33>
    </world>
    <local>
      <m00> -2.39263017e-07 </m00>  <m01> 0.158872202 </m01>  <m02> -0.987299144 </m02>  <m03> 0 </m03>
      <m10> -1 </m10>  <m11> -7.56681743e-07 </m11>  <m12> 1.20578761e-07 </m12>  <m13> 0 </m13>
      <m20> -7.27914653e-07 </m20>  <m21> 0.987299144 </m21>  <m22> 0.158872202 </m22>  <m23> 0 </m23>
      <m30> 0.0302467998 </m30>  <m31> 2.2003606e-08 </m31>  <m32> -3.46269657e-09 </m32>  <m33> 1 </m33>
    </local>
    <Volume>
      <Capsule>
        <relativeTransform>
          <m00> 1 </m00>  <m01> 0 </m01>  <m02> 0 </m02>  <m03> 0 </m03>
          <m10> 0 </m10>  <m11> 1 </m11>  <m12> 0 </m12>  <m13> 0 </m13>
          <m20> 0 </m20>  <m21> 0 </m21>  <m22> 1 </m22>  <m23> 0 </m23>
          <m30> 0 </m30>  <m31> 0 </m31>  <m32> 0 </m32>  <m33> 1 </m33>
        </relativeTransform>
        <name>
          "SKEL_R_FULegPhysicsBody"
        </name>
        <full_path>
          "|Scene|character|physicsCharacter|SKEL_Root|SKEL_Spine0|SKEL_Spine1|SKEL_Spine3|SKEL_R_FULeg|SKEL_R_FULegPhysicsBodyTM|SKEL_R_FULegPhysicsBody"
        </full_path>
        <radius>
          0.05
        </radius>
        <height>
          0.0604936
        </height>
      </Capsule>
    </Volume>
  </Part>
  <Part>
    <name>
      "SKEL_R_FLLegPhysicsBody"
    </name>
    <full_path>
      "|Scene|character|physicsCharacter|SKEL_Root|SKEL_Spine0|SKEL_Spine1|SKEL_Spine3|SKEL_R_FULeg|SKEL_R_FLLeg|SKEL_R_FLLegPhysicsBodyTM|SKEL_R_FLLegPhysicsBody"
    </full_path>
    <world>
      <m00> -0.995944619 </m00>  <m01> 0.0843660906 </m01>  <m02> -0.0312676877 </m02>  <m03> 0 </m03>
      <m10> 0.03126771 </m10>  <m11> 0.650397956 </m11>  <m12> 0.758950531 </m12>  <m13> 0 </m13>
      <m20> 0.0843660831 </m20>  <m21> 0.754894614 </m21>  <m22> -0.650397956 </m22>  <m23> 0 </m23>
      <m30> -0.0240937993 </m30>  <m31> -0.117497921 </m31>  <m32> 0.00781857129 </m32>  <m33> 1 </m33>
    </world>
    <local>
      <m00> -2.06989441e-07 </m00>  <m01> 0.111067459 </m01>  <m02> -0.993812859 </m02>  <m03> 0 </m03>
      <m10> -1 </m10>  <m11> -9.90894137e-07 </m11>  <m12> 9.75368124e-08 </m12>  <m13> 0 </m13>
      <m20> -9.73930241e-07 </m20>  <m21> 0.993812859 </m21>  <m22> 0.111067459 </m22>  <m23> 0 </m23>
      <m30> 0.0116301998 </m30>  <m31> 7.1366717e-09 </m31>  <m32> -1.29852018e-09 </m32>  <m33> 1 </m33>
    </local>
    <Volume>
      <Capsule>
        <relativeTransform>
          <m00> 1 </m00>  <m01> 0 </m01>  <m02> 0 </m02>  <m03> 0 </m03>
          <m10> 0 </m10>  <m11> 1 </m11>  <m12> 0 </m12>  <m13> 0 </m13>
          <m20> 0 </m20>  <m21> 0 </m21>  <m22> 1 </m22>  <m23> 0 </m23>
          <m30> 0 </m30>  <m31> 0 </m31>  <m32> 0 </m32>  <m33> 1 </m33>
        </relativeTransform>
        <name>
          "SKEL_R_FLLegPhysicsBody"
        </name>
        <full_path>
          "|Scene|character|physicsCharacter|SKEL_Root|SKEL_Spine0|SKEL_Spine1|SKEL_Spine3|SKEL_R_FULeg|SKEL_R_FLLeg|SKEL_R_FLLegPhysicsBodyTM|SKEL_R_FLLegPhysicsBody"
        </full_path>
        <radius>
          0.05
        </radius>
        <height>
          0.0232604
        </height>
      </Capsule>
    </Volume>
  </Part>
  <Part>
    <name>
      "SKEL_PelvisPhysicsBody"
    </name>
    <full_path>
      "|Scene|character|physicsCharacter|SKEL_Root|SKEL_Pelvis|SKEL_PelvisPhysicsBodyTM|SKEL_PelvisPhysicsBody"
    </full_path>
    <world>
      <m00> -0.999951959 </m00>  <m01> -0.00884425826 </m01>  <m02> -0.00433992827 </m02>  <m03> 0 </m03>
      <m10> 0.00434008194 </m10>  <m11> -0.790947437 </m11>  <m12> 0.611869514 </m12>  <m13> 0 </m13>
      <m20> -0.00884418283 </m20>  <m21> 0.611820996 </m21>  <m22> 0.790947437 </m22>  <m23> 0 </m23>
      <m30> -7.73840584e-05 </m30>  <m31> 0.0120579954 </m31>  <m32> 0.0707128868 </m32>  <m33> 1 </m33>
    </world>
    <local>
      <m00> -0.00527781155 </m00>  <m01> 0.00831873063 </m01>  <m02> 0.999951482 </m02>  <m03> 0 </m03>
      <m10> -0.994032562 </m10>  <m11> -0.108997606 </m11>  <m12> -0.00433980534 </m12>  <m13> 0 </m13>
      <m20> 0.10895621 </m20>  <m21> -0.99400723 </m21>  <m22> 0.00884435792 </m22>  <m23> 0 </m23>
      <m30> 0.0177349169 </m30>  <m31> 0.00194466591 </m31>  <m32> 7.742671e-05 </m32>  <m33> 1 </m33>
    </local>
    <Volume>
      <Capsule>
        <relativeTransform>
          <m00> 1 </m00>  <m01> 0 </m01>  <m02> 0 </m02>  <m03> 0 </m03>
          <m10> 0 </m10>  <m11> 1 </m11>  <m12> 0 </m12>  <m13> 0 </m13>
          <m20> 0 </m20>  <m21> 0 </m21>  <m22> 1 </m22>  <m23> 0 </m23>
          <m30> 0 </m30>  <m31> 0 </m31>  <m32> 0 </m32>  <m33> 1 </m33>
        </relativeTransform>
        <name>
          "SKEL_PelvisPhysicsBody"
        </name>
        <full_path>
          "|Scene|character|physicsCharacter|SKEL_Root|SKEL_Pelvis|SKEL_PelvisPhysicsBodyTM|SKEL_PelvisPhysicsBody"
        </full_path>
        <radius>
          0.05
        </radius>
        <height>
          0.0356828
        </height>
      </Capsule>
    </Volume>
  </Part>
  <Part>
    <name>
      "SKEL_Tail1PhysicsBody"
    </name>
    <full_path>
      "|Scene|character|physicsCharacter|SKEL_Root|SKEL_Pelvis|SKEL_Tail1|SKEL_Tail1PhysicsBodyTM|SKEL_Tail1PhysicsBody"
    </full_path>
    <world>
      <m00> -1.00000048 </m00>  <m01> -7.24529741e-07 </m01>  <m02> 5.77161643e-07 </m02>  <m03> 0 </m03>
      <m10> 8.81632104e-07 </m10>  <m11> -0.935614884 </m11>  <m12> 0.353023797 </m12>  <m13> 0 </m13>
      <m20> 2.84224626e-07 </m20>  <m21> 0.353023797 </m21>  <m22> 0.935614884 </m22>  <m23> 0 </m23>
      <m30> 1.10990657e-08 </m30>  <m31> 0.0929674059 </m31>  <m32> 0.0316952318 </m32>  <m33> 1 </m33>
    </world>
    <local>
      <m00> -6.71544342e-07 </m00>  <m01> 0 </m01>  <m02> 1 </m02>  <m03> 0 </m03>
      <m10> -1 </m10>  <m11> 3.70877899e-07 </m11>  <m12> -6.71544342e-07 </m12>  <m13> 0 </m13>
      <m20> -3.70877899e-07 </m20>  <m21> -1 </m21>  <m22> -2.49060944e-13 </m22>  <m23> 0 </m23>
      <m30> 0.0374364555 </m30>  <m31> -1.01919415e-08 </m31>  <m32> 3.64056985e-09 </m32>  <m33> 1 </m33>
    </local>
    <Volume>
      <Capsule>
        <relativeTransform>
          <m00> 1 </m00>  <m01> 0 </m01>  <m02> 0 </m02>  <m03> 0 </m03>
          <m10> 0 </m10>  <m11> 1 </m11>  <m12> 0 </m12>  <m13> 0 </m13>
          <m20> 0 </m20>  <m21> 0 </m21>  <m22> 1 </m22>  <m23> 0 </m23>
          <m30> 0 </m30>  <m31> 0 </m31>  <m32> 0 </m32>  <m33> 1 </m33>
        </relativeTransform>
        <name>
          "SKEL_Tail1PhysicsBody"
        </name>
        <full_path>
          "|Scene|character|physicsCharacter|SKEL_Root|SKEL_Pelvis|SKEL_Tail1|SKEL_Tail1PhysicsBodyTM|SKEL_Tail1PhysicsBody"
        </full_path>
        <radius>
          0.05
        </radius>
        <height>
          0.0748729
        </height>
      </Capsule>
    </Volume>
  </Part>
  <Part>
    <name>
      "SKEL_Tail2PhysicsBody"
    </name>
    <full_path>
      "|Scene|character|physicsCharacter|SKEL_Root|SKEL_Pelvis|SKEL_Tail1|SKEL_Tail2|SKEL_Tail2PhysicsBodyTM|SKEL_Tail2PhysicsBody"
    </full_path>
    <world>
      <m00> -1.00000048 </m00>  <m01> -7.38148117e-07 </m01>  <m02> 5.37423091e-07 </m02>  <m03> 0 </m03>
      <m10> 8.60794614e-07 </m10>  <m11> -0.958440185 </m11>  <m12> 0.285295218 </m12>  <m13> 0 </m13>
      <m20> 3.04497604e-07 </m20>  <m21> 0.285295218 </m21>  <m22> 0.958440185 </m22>  <m23> 0 </m23>
      <m30> -9.1871506e-09 </m30>  <m31> 0.157388061 </m31>  <m32> 0.0097295139 </m32>  <m33> 1 </m33>
    </world>
    <local>
      <m00> -6.71544342e-07 </m00>  <m01> 0 </m01>  <m02> 1 </m02>  <m03> 0 </m03>
      <m10> -1 </m10>  <m11> -1.38039326e-07 </m11>  <m12> -6.71544342e-07 </m12>  <m13> 0 </m13>
      <m20> 1.38039326e-07 </m20>  <m21> -1 </m21>  <m22> 9.26995297e-14 </m22>  <m23> 0 </m23>
      <m30> 0.0306691583 </m30>  <m31> -5.76596193e-09 </m31>  <m32> 2.97657898e-09 </m32>  <m33> 1 </m33>
    </local>
    <Volume>
      <Capsule>
        <relativeTransform>
          <m00> 1 </m00>  <m01> 0 </m01>  <m02> 0 </m02>  <m03> 0 </m03>
          <m10> 0 </m10>  <m11> 1 </m11>  <m12> 0 </m12>  <m13> 0 </m13>
          <m20> 0 </m20>  <m21> 0 </m21>  <m22> 1 </m22>  <m23> 0 </m23>
          <m30> 0 </m30>  <m31> 0 </m31>  <m32> 0 </m32>  <m33> 1 </m33>
        </relativeTransform>
        <name>
          "SKEL_Tail2PhysicsBody"
        </name>
        <full_path>
          "|Scene|character|physicsCharacter|SKEL_Root|SKEL_Pelvis|SKEL_Tail1|SKEL_Tail2|SKEL_Tail2PhysicsBodyTM|SKEL_Tail2PhysicsBody"
        </full_path>
        <radius>
          0.05
        </radius>
        <height>
          0.0613383
        </height>
      </Capsule>
    </Volume>
  </Part>
  <Part>
    <name>
      "SKEL_Tail3PhysicsBody"
    </name>
    <full_path>
      "|Scene|character|physicsCharacter|SKEL_Root|SKEL_Pelvis|SKEL_Tail1|SKEL_Tail2|SKEL_Tail3|SKEL_Tail3PhysicsBodyTM|SKEL_Tail3PhysicsBody"
    </full_path>
    <world>
      <m00> -1.00000048 </m00>  <m01> -5.267907e-07 </m01>  <m02> 3.81449013e-07 </m02>  <m03> 0 </m03>
      <m10> 5.37587255e-07 </m10>  <m11> -0.999583364 </m11>  <m12> 0.0288801622 </m12>  <m13> 0 </m13>
      <m20> 3.66076108e-07 </m20>  <m21> 0.0288801622 </m21>  <m22> 0.999583364 </m22>  <m23> 0 </m23>
      <m30> -2.82012103e-08 </m30>  <m31> 0.238253653 </m31>  <m32> -0.000507385877 </m32>  <m33> 1 </m33>
    </world>
    <local>
      <m00> -4.33125763e-07 </m00>  <m01> 0 </m01>  <m02> 1 </m02>  <m03> 0 </m03>
      <m10> -1 </m10>  <m11> 6.01981185e-07 </m11>  <m12> -4.33125763e-07 </m12>  <m13> 0 </m13>
      <m20> -6.01981185e-07 </m20>  <m21> -1 </m21>  <m22> -2.60733573e-13 </m22>  <m23> 0 </m23>
      <m30> 0.0514924899 </m30>  <m31> 2.72235412e-09 </m31>  <m32> 4.85435736e-09 </m32>  <m33> 1 </m33>
    </local>
    <Volume>
      <Capsule>
        <relativeTransform>
          <m00> 1 </m00>  <m01> 0 </m01>  <m02> 0 </m02>  <m03> 0 </m03>
          <m10> 0 </m10>  <m11> 1 </m11>  <m12> 0 </m12>  <m13> 0 </m13>
          <m20> 0 </m20>  <m21> 0 </m21>  <m22> 1 </m22>  <m23> 0 </m23>
          <m30> 0 </m30>  <m31> 0 </m31>  <m32> 0 </m32>  <m33> 1 </m33>
        </relativeTransform>
        <name>
          "SKEL_Tail3PhysicsBody"
        </name>
        <full_path>
          "|Scene|character|physicsCharacter|SKEL_Root|SKEL_Pelvis|SKEL_Tail1|SKEL_Tail2|SKEL_Tail3|SKEL_Tail3PhysicsBodyTM|SKEL_Tail3PhysicsBody"
        </full_path>
        <radius>
          0.05
        </radius>
        <height>
          0.102985
        </height>
      </Capsule>
    </Volume>
  </Part>
  <Part>
    <name>
      "SKEL_R_BULegPhysicsBody"
    </name>
    <full_path>
      "|Scene|character|physicsCharacter|SKEL_Root|SKEL_Pelvis|SKEL_R_BULeg|SKEL_R_BULegPhysicsBodyTM|SKEL_R_BULegPhysicsBody"
    </full_path>
    <world>
      <m00> -0.0341161452 </m00>  <m01> -0.994320869 </m01>  <m02> -0.100812167 </m02>  <m03> 0 </m03>
      <m10> 0.100812204 </m10>  <m11> -0.103780158 </m11>  <m12> 0.989478469 </m12>  <m13> 0 </m13>
      <m20> -0.994320869 </m20>  <m21> 0.0235940814 </m21>  <m22> 0.10378021 </m22>  <m23> 0 </m23>
      <m30> -0.0281602703 </m30>  <m31> -0.000447179744 </m31>  <m32> 0.0459226891 </m32>  <m33> 1 </m33>
    </world>
    <local>
      <m00> 2.82043885e-07 </m00>  <m01> -0.999694884 </m01>  <m02> -0.0247009676 </m02>  <m03> 0 </m03>
      <m10> -1 </m10>  <m11> -2.80265084e-07 </m11>  <m12> -7.54748655e-08 </m12>  <m13> 0 </m13>
      <m20> 6.85290189e-08 </m20>  <m21> 0.0247009676 </m21>  <m22> -0.999694884 </m22>  <m23> 0 </m23>
      <m30> 0.0325754993 </m30>  <m31> 8.25554114e-09 </m31>  <m32> 5.30750954e-09 </m32>  <m33> 1 </m33>
    </local>
    <Volume>
      <Capsule>
        <relativeTransform>
          <m00> 1 </m00>  <m01> 0 </m01>  <m02> 0 </m02>  <m03> 0 </m03>
          <m10> 0 </m10>  <m11> 1 </m11>  <m12> 0 </m12>  <m13> 0 </m13>
          <m20> 0 </m20>  <m21> 0 </m21>  <m22> 1 </m22>  <m23> 0 </m23>
          <m30> 0 </m30>  <m31> 0 </m31>  <m32> 0 </m32>  <m33> 1 </m33>
        </relativeTransform>
        <name>
          "SKEL_R_BULegPhysicsBody"
        </name>
        <full_path>
          "|Scene|character|physicsCharacter|SKEL_Root|SKEL_Pelvis|SKEL_R_BULeg|SKEL_R_BULegPhysicsBodyTM|SKEL_R_BULegPhysicsBody"
        </full_path>
        <radius>
          0.05
        </radius>
        <height>
          0.065151
        </height>
      </Capsule>
    </Volume>
  </Part>
  <Part>
    <name>
      "SKEL_R_BLLegPhysicsBody"
    </name>
    <full_path>
      "|Scene|character|physicsCharacter|SKEL_Root|SKEL_Pelvis|SKEL_R_BULeg|SKEL_R_BLLeg|SKEL_R_BLLegPhysicsBodyTM|SKEL_R_BLLegPhysicsBody"
    </full_path>
    <world>
      <m00> -0.988155544 </m00>  <m01> 0.139072821 </m01>  <m02> -0.0648733675 </m02>  <m03> 0 </m03>
      <m10> 0.0648728758 </m10>  <m11> 0.761676788 </m11>  <m12> 0.644702673 </m12>  <m13> 0 </m13>
      <m20> 0.139073044 </m20>  <m21> 0.632857502 </m21>  <m22> -0.76167661 </m22>  <m23> 0 </m23>
      <m30> -0.0321045667 </m30>  <m31> -0.00481894752 </m31>  <m32> 0.00712805521 </m32>  <m33> 1 </m33>
    </world>
    <local>
      <m00> 3.52072433e-08 </m00>  <m01> 0.216100514 </m01>  <m02> -0.976371229 </m02>  <m03> 0 </m03>
      <m10> -1.00000024 </m10>  <m11> 3.21991791e-07 </m11>  <m12> 3.52072469e-08 </m12>  <m13> 0 </m13>
      <m20> 3.21991763e-07 </m20>  <m21> 0.976371229 </m21>  <m22> 0.216100514 </m22>  <m23> 0 </m23>
      <m30> 0.0101781487 </m30>  <m31> -2.84013546e-09 </m31>  <m32> -4.91047736e-09 </m32>  <m33> 1 </m33>
    </local>
    <Volume>
      <Capsule>
        <relativeTransform>
          <m00> 1 </m00>  <m01> 0 </m01>  <m02> 0 </m02>  <m03> 0 </m03>
          <m10> 0 </m10>  <m11> 1 </m11>  <m12> 0 </m12>  <m13> 0 </m13>
          <m20> 0 </m20>  <m21> 0 </m21>  <m22> 1 </m22>  <m23> 0 </m23>
          <m30> 0 </m30>  <m31> 0 </m31>  <m32> 0 </m32>  <m33> 1 </m33>
        </relativeTransform>
        <name>
          "SKEL_R_BLLegPhysicsBody"
        </name>
        <full_path>
          "|Scene|character|physicsCharacter|SKEL_Root|SKEL_Pelvis|SKEL_R_BULeg|SKEL_R_BLLeg|SKEL_R_BLLegPhysicsBodyTM|SKEL_R_BLLegPhysicsBody"
        </full_path>
        <radius>
          0.05
        </radius>
        <height>
          0.0203563
        </height>
      </Capsule>
    </Volume>
  </Part>
  <Part>
    <name>
      "SKEL_L_BULegPhysicsBody"
    </name>
    <full_path>
      "|Scene|character|physicsCharacter|SKEL_Root|SKEL_Pelvis|SKEL_L_BULeg|SKEL_L_BULegPhysicsBodyTM|SKEL_L_BULegPhysicsBody"
    </full_path>
    <world>
      <m00> -0.0341239534 </m00>  <m01> 0.994320691 </m01>  <m02> 0.100811355 </m02>  <m03> 0 </m03>
      <m10> -0.100811608 </m10>  <m11> -0.10378018 </m11>  <m12> 0.989478528 </m12>  <m13> 0 </m13>
      <m20> 0.994320571 </m20>  <m21> 0.0236019529 </m21>  <m22> 0.103780396 </m22>  <m23> 0 </m23>
      <m30> 0.0278506428 </m30>  <m31> -0.000447146798 </m31>  <m32> 0.0459226742 </m32>  <m33> 1 </m33>
    </world>
    <local>
      <m00> -1.9464774e-07 </m00>  <m01> -0.999694705 </m01>  <m02> 0.0247084759 </m02>  <m03> 0 </m03>
      <m10> -1 </m10>  <m11> 1.95787223e-07 </m11>  <m12> 4.36980443e-08 </m12>  <m13> 0 </m13>
      <m20> -4.85223062e-08 </m20>  <m21> -0.0247084759 </m21>  <m22> -0.999694705 </m22>  <m23> 0 </m23>
      <m30> 0.0325754955 </m30>  <m31> -1.14178009e-08 </m31>  <m32> 1.8260623e-09 </m32>  <m33> 1 </m33>
    </local>
    <Volume>
      <Capsule>
        <relativeTransform>
          <m00> 1 </m00>  <m01> 0 </m01>  <m02> 0 </m02>  <m03> 0 </m03>
          <m10> 0 </m10>  <m11> 1 </m11>  <m12> 0 </m12>  <m13> 0 </m13>
          <m20> 0 </m20>  <m21> 0 </m21>  <m22> 1 </m22>  <m23> 0 </m23>
          <m30> 0 </m30>  <m31> 0 </m31>  <m32> 0 </m32>  <m33> 1 </m33>
        </relativeTransform>
        <name>
          "SKEL_L_BULegPhysicsBody"
        </name>
        <full_path>
          "|Scene|character|physicsCharacter|SKEL_Root|SKEL_Pelvis|SKEL_L_BULeg|SKEL_L_BULegPhysicsBodyTM|SKEL_L_BULegPhysicsBody"
        </full_path>
        <radius>
          0.05
        </radius>
        <height>
          0.065151
        </height>
      </Capsule>
    </Volume>
  </Part>
  <Part>
    <name>
      "SKEL_L_BLLegPhysicsBody"
    </name>
    <full_path>
      "|Scene|character|physicsCharacter|SKEL_Root|SKEL_Pelvis|SKEL_L_BULeg|SKEL_L_BLLeg|SKEL_L_BLLegPhysicsBodyTM|SKEL_L_BLLegPhysicsBody"
    </full_path>
    <world>
      <m00> -0.988155365 </m00>  <m01> -0.139073074 </m01>  <m02> 0.0648732409 </m02>  <m03> 0 </m03>
      <m10> -0.0648731366 </m10>  <m11> 0.76167649 </m11>  <m12> 0.644702613 </m12>  <m13> 0 </m13>
      <m20> -0.139073104 </m20>  <m21> 0.632857561 </m21>  <m22> -0.761676431 </m22>  <m23> 0 </m23>
      <m30> 0.0317949206 </m30>  <m31> -0.00481890887 </m31>  <m32> 0.00712803705 </m32>  <m33> 1 </m33>
    </world>
    <local>
      <m00> -1.19359484e-07 </m00>  <m01> 0.216099799 </m01>  <m02> 0.976371288 </m02>  <m03> 0 </m03>
      <m10> -1 </m10>  <m11> -2.4583602e-07 </m11>  <m12> -6.78372771e-08 </m12>  <m13> 0 </m13>
      <m20> 2.25367614e-07 </m20>  <m21> -0.976371288 </m21>  <m22> 0.216099799 </m22>  <m23> 0 </m23>
      <m30> 0.0101781506 </m30>  <m31> 3.88250987e-09 </m31>  <m32> 1.64573399e-09 </m32>  <m33> 1 </m33>
    </local>
    <Volume>
      <Capsule>
        <relativeTransform>
          <m00> 1 </m00>  <m01> 0 </m01>  <m02> 0 </m02>  <m03> 0 </m03>
          <m10> 0 </m10>  <m11> 1 </m11>  <m12> 0 </m12>  <m13> 0 </m13>
          <m20> 0 </m20>  <m21> 0 </m21>  <m22> 1 </m22>  <m23> 0 </m23>
          <m30> 0 </m30>  <m31> 0 </m31>  <m32> 0 </m32>  <m33> 1 </m33>
        </relativeTransform>
        <name>
          "SKEL_L_BLLegPhysicsBody"
        </name>
        <full_path>
          "|Scene|character|physicsCharacter|SKEL_Root|SKEL_Pelvis|SKEL_L_BULeg|SKEL_L_BLLeg|SKEL_L_BLLegPhysicsBodyTM|SKEL_L_BLLegPhysicsBody"
        </full_path>
        <radius>
          0.05
        </radius>
        <height>
          0.0203563
        </height>
      </Capsule>
    </Volume>
  </Part>
</MODEL>
